0.16412128740050763
0.33394495176600586
0.12455051316233112
0.08495596709472512
0.17015321760107865
0.29512592004092086
0.42842085591156737
0.4296712576679992
0.35458053600839384
0.43817242460246164
0.22811763405971058
0.30061444014052274
0.11249069938888286
0.46664044153609313
0.22658497825760635
0.41179348607402716
0.1875430179585473
0.26477853502502785
0.29751121361723504
0.4182262358592537
0.2614662439493863
0.5020974413965882
0.12455114799952659
0.04149052867824181
0.43708691441977543
0.2720730606951006
0.10561152123703202
0.27824444261116865
0.3088335077319168
0.4395475174961177
0.08090166619421392
0.3597695097836946
0.14739539358134637
0.08192787907666109
0.4198996985102515
0.09440281970365084
0.11249133271501403
0.32503461295683567
0.3841306165889407
0.09351962804139038
0.3267602544282276
0.4711095535541602
0.060956302381295874
0.37103193349360103
0.18022640435019516
0.11564857201453012
0.327525146301776
0.29512622696229485
0.3250355791371154
0.38626546823266505
0.09729545362451393
0.1538824806045186
0.38626546823266517
0.363107533372691
0.10302962751558402
0.1310768680164429
0.37018147325872475
0.050789291233487334
0.22811763405971058
0.1669522154030907
0.3176276654905868
0.5402689578515502
0.08809661416876331
0.16442576229411268
0.20660751302893132
0.12455051316233112
0.3644373972646055
0.3804029930599917
0.08150839089320815
0.10726420719886037
0.09351962804139038
0.38040174741580784
0.51727503864772
0.12455114799952659
0.11564857201453012
0.27105637740698874
0.15515639974232462
0.22658497825760635
0.2924267931363334
0.317626559142966
0.12481182099865375
0.22170993964412156
0.33054047959213706
0.050789606830532
0.05863031860735528
0.29512592004092086
0.22658497825760635
0.3250355791371154
0.2614662439493863
0.37032773500238947
0.4062060293114811
0.08090166619421392
0.4576130387095631
0.08964400032350198
0.29512592004092086
0.1747866351526913
0.29751001380961956
0.34974486718320846
0.24806093564485304
0.17478713927803705
