1.6059637926211165
7.836899187102575
3.8309661884632966
4.1170392011533
5.923805326308589
1.9691023402540557
7.278345289667424
5.223669568353745
2.6299603205763393
0.6585769237340464
3.8474500872195865
5.439629866112308
5.208599849524726
4.574907439975808
3.8224673077857707
2.882151285712462
6.0857243300101915
4.833067573282832
4.700782150208729
4.473550632399504
4.754664437962998
5.852664478832354
5.682355970506424
1.0838026506061884
5.509118599290543
4.871577786028978
4.711785217640337
0.5345949923689892
4.291819526663487
2.6518637866626937
5.424985344021586
3.448948913928126
1.8308689169047574
1.1960240795761596
2.802922822519735
3.019417649200918
1.6276226327463008
5.624973741646889
4.230821361975119
4.2270001048211485
6.206252188846824
2.5805297807237184
2.9645580838949668
4.9589331413494575
3.589021702368766
5.4166176741583865
0.9673591281437312
3.6171355392809104
2.479115832686121
0.7225358827601573
0.7956957609601795
5.566556634726085
4.791236997657285
1.58753504484468
3.0397624106590966
2.499917937959164
3.0823103365951003
9.120019646888816
3.718176410531378
5.495722536731999
6.6165979586050865
8.393050263844605
5.564156826343773
5.423370874099706
4.951584626143433
2.8986082508207276
5.147980053522061
7.028449283035342
5.039563242710423
1.753236392635631
4.900269511874321
2.7070655170205984
1.6182012239014032
3.922191036750887
5.707222427351329
1.073401153992765
4.764557525593746
6.215590804652523
6.049346762341948
8.043513350850796
1.6040096661370218
5.308474445416686
4.287265670968385
1.342608901055702
9.049038212533198
8.765924664709079
5.775578968477533
5.409991747226422
8.406651813925803
5.616145240399948
2.820448765734453
3.312908867553257
4.836318797738317
0.7385934871233295
5.750312564488126
4.960626931010434
0.768565402121381
5.552813398251197
3.730780553736443
0.12000744666894639
