-1.092515 5.491274 2.294084
-1.140169 5.491274 2.323050
-1.175078 5.491274 2.359941
-1.193825 5.491274 2.401144
-1.194576 5.491274 2.442628
-1.177257 5.491274 2.480331
-1.143564 5.491274 2.510562
-1.096794 5.491274 2.530364
-1.041525 5.491274 2.537796
-0.983168 5.491274 2.532132
-0.927436 5.491274 2.513926
-0.879783 5.491274 2.484960
-0.844874 5.491274 2.448070
-0.826126 5.491274 2.406866
-0.825375 5.491274 2.365382
-0.764214 5.529622 2.291872
-0.813715 5.529622 2.247457
-0.882427 5.529622 2.218366
-0.963624 5.529622 2.207447
-1.049359 5.529622 2.215768
-1.131238 5.529622 2.242516
-1.201248 5.529622 2.285071
-1.252534 5.529622 2.339268
-1.280077 5.529622 2.399802
-1.281181 5.529622 2.460747
-1.255737 5.529622 2.516139
-1.206236 5.529622 2.560553
-1.137524 5.529622 2.589644
-1.056327 5.529622 2.600563
-0.970592 5.529622 2.592242