-0.925292 5.467881 2.365366
-0.942349 5.467881 2.350062
-0.966025 5.467881 2.340038
-0.994004 5.467881 2.336276
-1.023546 5.467881 2.339143
-1.051760 5.467881 2.348360
-1.075883 5.467881 2.363023
-1.093556 5.467881 2.381698
-1.103046 5.467881 2.402557
-1.103426 5.467881 2.423557
-1.094659 5.467881 2.442644
-1.077602 5.467881 2.457948
-1.053926 5.467881 2.467972
-1.025947 5.467881 2.471734
-0.996405 5.467881 2.468867
-0.968191 5.467881 2.459651
-0.944068 5.467881 2.444987
-0.926396 5.467881 2.426312
-0.916905 5.467881 2.405453
-0.916525 5.467881 2.384453
-0.842694 5.491274 2.327679
-0.876387 5.491274 2.297448
-0.923157 5.491274 2.277647
-0.978426 5.491274 2.270214
-1.036783 5.491274 2.275878
-1.092515 5.491274 2.294084
-1.140169 5.491274 2.323050
-1.175078 5.491274 2.359941
-1.193825 5.491274 2.401144
-1.194576 5.491274 2.442628
-1.177257 5.491274 2.480331
-1.143564 5.491274 2.510562
-1.096794 5.491274 2.530364
-1.041525 5.491274 2.537796
-0.983168 5.491274 2.532132
-0.927436 5.491274 2.513926
-0.879783 5.491274 2.484960
-0.844874 5.491274 2.448070
-0.826126 5.491274 2.406866
-0.825375 5.491274 2.365382
-0.764214 5.529622 2.291872
-0.813715 5.529622 2.247457
-0.882427 5.529622 2.218366
-0.963624 5.529622 2.207447
-1.049359 5.529622 2.215768
-1.131238 5.529622 2.242516
-1.201248 5.529622 2.285071
-1.252534 5.529622 2.339268
-1.280077 5.529622 2.399802
-1.281181 5.529622 2.460747
-1.255737 5.529622 2.516139
-1.206236 5.529622 2.560553
-1.137524 5.529622 2.589644
-1.056327 5.529622 2.600563
-0.970592 5.529622 2.592242
-0.888713 5.529622 2.565495
-0.818703 5.529622 2.522939
-0.767417 5.529622 2.468742
-0.739874 5.529622 2.408208
-0.738770 5.529622 2.347263
-0.691786 5.581980 2.258825
-0.755875 5.581980 2.201321
-0.844837 5.581980 2.163657
-0.949964 5.581980 2.149520
-1.060966 5.581980 2.160293
-1.166976 5.581980 2.194923
-1.257617 5.581980 2.250020
-1.324018 5.581980 2.320189
-1.359678 5.581980 2.398563
-1.361107 5.581980 2.477470
-1.328165 5.581980 2.549185
-1.264076 5.581980 2.606689
-1.175114 5.581980 2.644353
-1.069987 5.581980 2.658490
-0.958985 5.581980 2.647717
-0.852976 5.581980 2.613087
-0.762334 5.581980 2.557990
-0.695933 5.581980 2.487821
-0.660273 5.581980 2.409447
-0.658844 5.581980 2.330540
-0.627193 5.647060 2.229353
-0.704292 5.647060 2.160175
-0.811314 5.647060 2.114866
-0.937782 5.647060 2.097859
-1.071317 5.647060 2.110820
-1.198847 5.647060 2.152479
-1.307889 5.647060 2.218760
-1.387769 5.647060 2.303174
-1.430668 5.647060 2.397459
-1.432387 5.647060 2.492383
-1.392757 5.647060 2.578657
-1.315658 5.647060 2.647835
-1.208637 5.647060 2.693145
-1.082169 5.647060 2.710151
-0.948634 5.647060 2.697191
-0.821104 5.647060 2.655531
-0.712062 5.647060 2.589250
-0.632182 5.647060 2.504836
-0.589283 5.647060 2.410552
-0.587564 5.647060 2.315627
-0.572026 5.723258 2.204182
-0.660237 5.723258 2.125034
-0.782682 5.723258 2.073194
-0.927377 5.723258 2.053736
-1.080157 5.723258 2.068565
-1.226068 5.723258 2.116229
-1.350825 5.723258 2.192062
-1.442218 5.723258 2.288642
-1.491300 5.723258 2.396515
-1.493267 5.723258 2.505121
-1.447925 5.723258 2.603828
-1.359714 5.723258 2.682976
-1.237269 5.723258 2.734816
-1.092574 5.723258 2.754274
-0.939794 5.723258 2.739445
-0.793884 5.723258 2.691781
-0.669126 5.723258 2.615948
-0.577733 5.723258 2.519368
-0.528651 5.723258 2.411495
-0.526685 5.723258 2.302890
-0.527642 5.808699 2.183931
-0.624792 5.808699 2.096762
-0.759647 5.808699 2.039668
-0.919006 5.808699 2.018238
-1.087270 5.808699 2.034570
-1.247967 5.808699 2.087064
-1.385368 5.808699 2.170583
-1.486023 5.808699 2.276951
-1.540080 5.808699 2.395756
-1.542245 5.808699 2.515368
-1.492309 5.808699 2.624079
-1.395158 5.808699 2.711248
-1.260303 5.808699 2.768342
-1.100945 5.808699 2.789772
-0.932681 5.808699 2.773440
-0.771984 5.808699 2.720946
-0.634583 5.808699 2.637427
-0.533928 5.808699 2.531059
-0.479872 5.808699 2.412254
-0.477706 5.808699 2.292642
-0.495135 5.901279 2.169099
-0.598833 5.901279 2.076055
-0.742776 5.901279 2.015113
-0.912875 5.901279 1.992239
-1.092479 5.901279 2.009671
-1.264007 5.901279 2.065704
-1.410668 5.901279 2.154851
-1.518107 5.901279 2.268388
-1.575806 5.901279 2.395200
-1.578118 5.901279 2.522873
-1.524816 5.901279 2.638911
-1.421118 5.901279 2.731955
-1.277175 5.901279 2.792897
-1.107076 5.901279 2.815771
-0.927472 5.901279 2.798339
-0.755944 5.901279 2.742306
-0.609283 5.901279 2.653158
-0.501844 5.901279 2.539622
-0.444145 5.901279 2.412810
-0.441833 5.901279 2.285137
-0.475304 5.998718 2.160051
-0.582997 5.998718 2.063423
-0.732485 5.998718 2.000134
-0.909135 5.998718 1.976379
-1.095657 5.998718 1.994483
-1.273791 5.998718 2.052673
-1.426102 5.998718 2.145255
-1.537679 5.998718 2.263165
-1.597600 5.998718 2.394861
-1.600001 5.998718 2.527452
-1.544646 5.998718 2.647959
-1.436954 5.998718 2.744587
-1.287466 5.998718 2.807876
-1.110816 5.998718 2.831631
-0.924294 5.998718 2.813527
-0.746160 5.998718 2.755337
-0.593849 5.998718 2.662755
-0.482272 5.998718 2.544846
-0.422351 5.998718 2.413149
-0.419950 5.998718 2.280558
-0.468640 6.098616 2.157010
-0.577674 6.098616 2.059178
-0.729026 6.098616 1.995100
-0.907878 6.098616 1.971049
-1.096725 6.098616 1.989378
-1.277080 6.098616 2.048294
-1.431289 6.098616 2.142030
-1.544257 6.098616 2.261409
-1.604925 6.098616 2.394747
-1.607356 6.098616 2.528991
-1.551311 6.098616 2.651000
-1.442276 6.098616 2.748832
-1.290925 6.098616 2.812910
-1.112073 6.098616 2.836961
-0.923226 6.098616 2.818632
-0.742871 6.098616 2.759716
-0.588662 6.098616 2.665981
-0.475695 6.098616 2.546601
-0.415026 6.098616 2.413263
-0.412595 6.098616 2.279019
-0.475304 6.198514 2.160051
-0.582997 6.198514 2.063423
-0.732485 6.198514 2.000134
-0.909135 6.198514 1.976379
-1.095657 6.198514 1.994483
-1.273791 6.198514 2.052673
-1.426102 6.198514 2.145255
-1.537679 6.198514 2.263165
-1.597600 6.198514 2.394861
-1.600001 6.198514 2.527452
-1.544646 6.198514 2.647959
-1.436954 6.198514 2.744587
-1.287466 6.198514 2.807876
-1.110816 6.198514 2.831631
-0.924294 6.198514 2.813527
-0.746160 6.198514 2.755337
-0.593849 6.198514 2.662755
-0.482272 6.198514 2.544846
-0.422351 6.198514 2.413149
-0.419950 6.198514 2.280558
-0.495135 6.295953 2.169099
-0.598833 6.295953 2.076055
-0.742776 6.295953 2.015113
-0.912875 6.295953 1.992239
-1.092479 6.295953 2.009671
-1.264007 6.295953 2.065704
-1.410668 6.295953 2.154851
-1.518107 6.295953 2.268388
-1.575806 6.295953 2.395200
-1.578118 6.295953 2.522873
-1.524816 6.295953 2.638911
-1.421118 6.295953 2.731955
-1.277175 6.295953 2.792897
-1.107076 6.295953 2.815771
-0.927472 6.295953 2.798339
-0.755944 6.295953 2.742306
-0.609283 6.295953 2.653158
-0.501844 6.295953 2.539622
-0.444145 6.295953 2.412810
-0.441833 6.295953 2.285137
-0.527642 6.388533 2.183931
-0.624792 6.388533 2.096762
-0.759647 6.388533 2.039668
-0.919006 6.388533 2.018238
-1.087270 6.388533 2.034570
-1.247967 6.388533 2.087064
-1.385368 6.388533 2.170583
-1.486023 6.388533 2.276951
-1.540080 6.388533 2.395756
-1.542245 6.388533 2.515368
-1.492309 6.388533 2.624079
-1.395158 6.388533 2.711248
-1.260303 6.388533 2.768342
-1.100945 6.388533 2.789772
-0.932681 6.388533 2.773440
-0.771984 6.388533 2.720946
-0.634583 6.388533 2.637427
-0.533928 6.388533 2.531059
-0.479872 6.388533 2.412254
-0.477706 6.388533 2.292642
-0.572026 6.473974 2.204182
-0.660237 6.473974 2.125034
-0.782682 6.473974 2.073194
-0.927377 6.473974 2.053736
-1.080157 6.473974 2.068565
-1.226068 6.473974 2.116229
-1.350825 6.473974 2.192062
-1.442218 6.473974 2.288642
-1.491300 6.473974 2.396515
-1.493267 6.473974 2.505121
-1.447925 6.473974 2.603828
-1.359714 6.473974 2.682976
-1.237269 6.473974 2.734816
-1.092574 6.473974 2.754274
-0.939794 6.473974 2.739445
-0.793884 6.473974 2.691781
-0.669126 6.473974 2.615948
-0.577733 6.473974 2.519368
-0.528651 6.473974 2.411495
-0.526685 6.473974 2.302890
-0.627193 6.550172 2.229353
-0.704292 6.550172 2.160175
-0.811314 6.550172 2.114866
-0.937782 6.550172 2.097859
-1.071317 6.550172 2.110820
-1.198847 6.550172 2.152479
-1.307889 6.550172 2.218760
-1.387769 6.550172 2.303174
-1.430668 6.550172 2.397459
-1.432387 6.550172 2.492383
-1.392757 6.550172 2.578657
-1.315658 6.550172 2.647835
-1.208637 6.550172 2.693145
-1.082169 6.550172 2.710151
-0.948634 6.550172 2.697191
-0.821104 6.550172 2.655531
-0.712062 6.550172 2.589250
-0.632182 6.550172 2.504836
-0.589283 6.550172 2.410552
-0.587564 6.550172 2.315627
-0.691786 6.615252 2.258825
-0.755875 6.615252 2.201321
-0.844837 6.615252 2.163657
-0.949964 6.615252 2.149520
-1.060966 6.615252 2.160293
-1.166976 6.615252 2.194923
-1.257617 6.615252 2.250020
-1.324018 6.615252 2.320189
-1.359678 6.615252 2.398563
-1.361107 6.615252 2.477470
-1.328165 6.615252 2.549185
-1.264076 6.615252 2.606689
-1.175114 6.615252 2.644353
-1.069987 6.615252 2.658490
-0.958985 6.615252 2.647717
-0.852976 6.615252 2.613087
-0.762334 6.615252 2.557990
-0.695933 6.615252 2.487821
-0.660273 6.615252 2.409447
-0.658844 6.615252 2.330540
-0.764214 6.667610 2.291872
-0.813715 6.667610 2.247457
-0.882427 6.667610 2.218366
-0.963624 6.667610 2.207447
-1.049359 6.667610 2.215768
-1.131238 6.667610 2.242516
-1.201248 6.667610 2.285071
-1.252534 6.667610 2.339268
-1.280077 6.667610 2.399802
-1.281181 6.667610 2.460747
-1.255737 6.667610 2.516139
-1.206236 6.667610 2.560553
-1.137524 6.667610 2.589644
-1.056327 6.667610 2.600563
-0.970592 6.667610 2.592242
-0.888713 6.667610 2.565495
-0.818703 6.667610 2.522939
-0.767417 6.667610 2.468742
-0.739874 6.667610 2.408208
-0.738770 6.667610 2.347263
-0.842694 6.705958 2.327679
-0.876387 6.705958 2.297448
-0.923157 6.705958 2.277647
-0.978426 6.705958 2.270214
-1.036783 6.705958 2.275878
-1.092515 6.705958 2.294084
-1.140169 6.705958 2.323050
-1.175078 6.705958 2.359941
-1.193825 6.705958 2.401144
-1.194576 6.705958 2.442628
-1.177257 6.705958 2.480331
-1.143564 6.705958 2.510562
-1.096794 6.705958 2.530364
-1.041525 6.705958 2.537796
-0.983168 6.705958 2.532132
-0.927436 6.705958 2.513926
-0.879783 6.705958 2.484960
-0.844874 6.705958 2.448070
-0.826126 6.705958 2.406866
-0.825375 6.705958 2.365382
-0.925292 6.729351 2.365366
-0.942349 6.729351 2.350062
-0.966025 6.729351 2.340038
-0.994004 6.729351 2.336276
-1.023546 6.729351 2.339143
-1.051760 6.729351 2.348360
-1.075883 6.729351 2.363023
-1.093556 6.729351 2.381698
-1.103046 6.729351 2.402557
-1.103426 6.729351 2.423557
-1.094659 6.729351 2.442644
-1.077602 6.729351 2.457948
-1.053926 6.729351 2.467972
-1.025947 6.729351 2.471734
-0.996405 6.729351 2.468867
-0.968191 6.729351 2.459651
-0.944068 6.729351 2.444987
-0.926396 6.729351 2.426312
-0.916905 6.729351 2.405453
-0.916525 6.729351 2.384453
-1.009976 5.460019 2.404005
-1.009976 6.737213 2.404005
-2.471197 5.467881 2.365366
-2.454140 5.467881 2.350062
-2.430463 5.467881 2.340038
-2.402485 5.467881 2.336276
-2.372942 5.467881 2.339143
-2.344729 5.467881 2.348360
-2.320605 5.467881 2.363023
-2.302933 5.467881 2.381698
-2.293442 5.467881 2.402557
-2.293062 5.467881 2.423557
-2.301830 5.467881 2.442644
-2.318886 5.467881 2.457948
-2.342563 5.467881 2.467972
-2.370542 5.467881 2.471734
-2.400084 5.467881 2.468867
-2.428297 5.467881 2.459651
-2.452421 5.467881 2.444987
-2.470093 5.467881 2.426312
-2.479584 5.467881 2.405453
-2.479964 5.467881 2.384453
-2.553795 5.491274 2.327679
-2.520102 5.491274 2.297448
-2.473331 5.491274 2.277647
-2.418063 5.491274 2.270214
-2.359706 5.491274 2.275878
-2.303973 5.491274 2.294084
-2.256320 5.491274 2.323050
-2.221411 5.491274 2.359941
-2.202663 5.491274 2.401144
-2.201912 5.491274 2.442628
-2.219231 5.491274 2.480331
-2.252925 5.491274 2.510562
-2.299695 5.491274 2.530364
-2.354963 5.491274 2.537796
-2.413320 5.491274 2.532132
-2.469053 5.491274 2.513926
-2.516706 5.491274 2.484960
-2.551615 5.491274 2.448070
-2.570363 5.491274 2.406866
-2.571114 5.491274 2.365382
-2.632274 5.529622 2.291872
-2.582774 5.529622 2.247457
-2.514062 5.529622 2.218366
-2.432864 5.529622 2.207447
-2.347130 5.529622 2.215768
-2.265250 5.529622 2.242516
-2.195241 5.529622 2.285071
-2.143954 5.529622 2.339268
-2.116412 5.529622 2.399802
-2.115308 5.529622 2.460747
-2.140752 5.529622 2.516139
-2.190253 5.529622 2.560553
-2.258965 5.529622 2.589644
-2.340162 5.529622 2.600563
-2.425897 5.529622 2.592242
-2.507776 5.529622 2.565495
-2.577785 5.529622 2.522939
-2.629072 5.529622 2.468742
-2.656615 5.529622 2.408208
-2.657718 5.529622 2.347263
-2.704702 5.581980 2.258825
-2.640613 5.581980 2.201321
-2.551651 5.581980 2.163657
-2.446524 5.581980 2.149520
-2.335523 5.581980 2.160293
-2.229513 5.581980 2.194923
-2.138871 5.581980 2.250020
-2.072471 5.581980 2.320189
-2.036810 5.581980 2.398563
-2.035382 5.581980 2.477470
-2.068324 5.581980 2.549185
-2.132413 5.581980 2.606689
-2.221375 5.581980 2.644353
-2.326502 5.581980 2.658490
-2.437503 5.581980 2.647717
-2.543513 5.581980 2.613087
-2.634155 5.581980 2.557990
-2.700556 5.581980 2.487821
-2.736216 5.581980 2.409447
-2.737644 5.581980 2.330540
-2.769295 5.647060 2.229353
-2.692196 5.647060 2.160175
-2.585175 5.647060 2.114866
-2.458707 5.647060 2.097859
-2.325172 5.647060 2.110820
-2.197642 5.647060 2.152479
-2.088600 5.647060 2.218760
-2.008719 5.647060 2.303174
-1.965820 5.647060 2.397459
-1.964101 5.647060 2.492383
-2.003731 5.647060 2.578657
-2.080830 5.647060 2.647835
-2.187852 5.647060 2.693145
-2.314320 5.647060 2.710151
-2.447854 5.647060 2.697191
-2.575384 5.647060 2.655531
-2.684427 5.647060 2.589250
-2.764307 5.647060 2.504836
-2.807206 5.647060 2.410552
-2.808925 5.647060 2.315627
-2.824463 5.723258 2.204182
-2.736252 5.723258 2.125034
-2.613806 5.723258 2.073194
-2.469111 5.723258 2.053736
-2.316331 5.723258 2.068565
-2.170421 5.723258 2.116229
-2.045663 5.723258 2.192062
-1.954271 5.723258 2.288642
-1.905189 5.723258 2.396515
-1.903222 5.723258 2.505121
-1.948563 5.723258 2.603828
-2.036774 5.723258 2.682976
-2.159220 5.723258 2.734816
-2.303915 5.723258 2.754274
-2.456695 5.723258 2.739445
-2.602605 5.723258 2.691781
-2.727363 5.723258 2.615948
-2.818755 5.723258 2.519368
-2.867837 5.723258 2.411495
-2.869804 5.723258 2.302890
-2.868847 5.808699 2.183931
-2.771696 5.808699 2.096762
-2.636841 5.808699 2.039668
-2.477482 5.808699 2.018238
-2.309219 5.808699 2.034570
-2.148521 5.808699 2.087064
-2.011120 5.808699 2.170583
-1.910465 5.808699 2.276951
-1.856409 5.808699 2.395756
-1.854243 5.808699 2.515368
-1.904180 5.808699 2.624079
-2.001330 5.808699 2.711248
-2.136185 5.808699 2.768342
-2.295544 5.808699 2.789772
-2.463808 5.808699 2.773440
-2.624505 5.808699 2.720946
-2.761906 5.808699 2.637427
-2.862561 5.808699 2.531059
-2.916617 5.808699 2.412254
-2.918783 5.808699 2.292642
-2.901354 5.901279 2.169099
-2.797656 5.901279 2.076055
-2.653712 5.901279 2.015113
-2.483613 5.901279 1.992239
-2.304009 5.901279 2.009671
-2.132482 5.901279 2.065704
-1.985820 5.901279 2.154851
-1.878382 5.901279 2.268388
-1.820682 5.901279 2.395200
-1.818371 5.901279 2.522873
-1.871672 5.901279 2.638911
-1.975370 5.901279 2.731955
-2.119314 5.901279 2.792897
-2.289413 5.901279 2.815771
-2.469017 5.901279 2.798339
-2.640544 5.901279 2.742306
-2.787206 5.901279 2.653158
-2.894644 5.901279 2.539622
-2.952344 5.901279 2.412810
-2.954656 5.901279 2.285137
-2.921184 5.998718 2.160051
-2.813492 5.998718 2.063423
-2.664004 5.998718 2.000134
-2.487353 5.998718 1.976379
-2.300832 5.998718 1.994483
-2.122697 5.998718 2.052673
-1.970387 5.998718 2.145255
-1.858810 5.998718 2.263165
-1.798888 5.998718 2.394861
-1.796487 5.998718 2.527452
-1.851842 5.998718 2.647959
-1.959534 5.998718 2.744587
-2.109022 5.998718 2.807876
-2.285673 5.998718 2.831631
-2.472195 5.998718 2.813527
-2.650329 5.998718 2.755337
-2.802639 5.998718 2.662755
-2.914216 5.998718 2.544846
-2.974138 5.998718 2.413149
-2.976539 5.998718 2.280558
-2.927849 6.098616 2.157010
-2.818814 6.098616 2.059178
-2.667463 6.098616 1.995100
-2.488610 6.098616 1.971049
-2.299764 6.098616 1.989378
-2.119409 6.098616 2.048294
-1.965200 6.098616 2.142030
-1.852232 6.098616 2.261409
-1.791563 6.098616 2.394747
-1.789133 6.098616 2.528991
-1.845177 6.098616 2.651000
-1.954212 6.098616 2.748832
-2.105563 6.098616 2.812910
-2.284416 6.098616 2.836961
-2.473263 6.098616 2.818632
-2.653617 6.098616 2.759716
-2.807826 6.098616 2.665981
-2.920794 6.098616 2.546601
-2.981463 6.098616 2.413263
-2.983893 6.098616 2.279019
-2.921184 6.198514 2.160051
-2.813492 6.198514 2.063423
-2.664004 6.198514 2.000134
-2.487353 6.198514 1.976379
-2.300832 6.198514 1.994483
-2.122697 6.198514 2.052673
-1.970387 6.198514 2.145255
-1.858810 6.198514 2.263165
-1.798888 6.198514 2.394861
-1.796487 6.198514 2.527452
-1.851842 6.198514 2.647959
-1.959534 6.198514 2.744587
-2.109022 6.198514 2.807876
-2.285673 6.198514 2.831631
-2.472195 6.198514 2.813527
-2.650329 6.198514 2.755337
-2.802639 6.198514 2.662755
-2.914216 6.198514 2.544846
-2.974138 6.198514 2.413149
-2.976539 6.198514 2.280558
-2.901354 6.295953 2.169099
-2.797656 6.295953 2.076055
-2.653712 6.295953 2.015113
-2.483613 6.295953 1.992239
-2.304009 6.295953 2.009671
-2.132482 6.295953 2.065704
-1.985820 6.295953 2.154851
-1.878382 6.295953 2.268388
-1.820682 6.295953 2.395200
-1.818371 6.295953 2.522873
-1.871672 6.295953 2.638911
-1.975370 6.295953 2.731955
-2.119314 6.295953 2.792897
-2.289413 6.295953 2.815771
-2.469017 6.295953 2.798339
-2.640544 6.295953 2.742306
-2.787206 6.295953 2.653158
-2.894644 6.295953 2.539622
-2.952344 6.295953 2.412810
-2.954656 6.295953 2.285137
-2.868847 6.388533 2.183931
-2.771696 6.388533 2.096762
-2.636841 6.388533 2.039668
-2.477482 6.388533 2.018238
-2.309219 6.388533 2.034570
-2.148521 6.388533 2.087064
-2.011120 6.388533 2.170583
-1.910465 6.388533 2.276951
-1.856409 6.388533 2.395756
-1.854243 6.388533 2.515368
-1.904180 6.388533 2.624079
-2.001330 6.388533 2.711248
-2.136185 6.388533 2.768342
-2.295544 6.388533 2.789772
-2.463808 6.388533 2.773440
-2.624505 6.388533 2.720946
-2.761906 6.388533 2.637427
-2.862561 6.388533 2.531059
-2.916617 6.388533 2.412254
-2.918783 6.388533 2.292642
-2.824463 6.473974 2.204182
-2.736252 6.473974 2.125034
-2.613806 6.473974 2.073194
-2.469111 6.473974 2.053736
-2.316331 6.473974 2.068565
-2.170421 6.473974 2.116229
-2.045663 6.473974 2.192062
-1.954271 6.473974 2.288642
-1.905189 6.473974 2.396515
-1.903222 6.473974 2.505121
-1.948563 6.473974 2.603828
-2.036774 6.473974 2.682976
-2.159220 6.473974 2.734816
-2.303915 6.473974 2.754274
-2.456695 6.473974 2.739445
-2.602605 6.473974 2.691781
-2.727363 6.473974 2.615948
-2.818755 6.473974 2.519368
-2.867837 6.473974 2.411495
-2.869804 6.473974 2.302890
-2.769295 6.550172 2.229353
-2.692196 6.550172 2.160175
-2.585175 6.550172 2.114866
-2.458707 6.550172 2.097859
-2.325172 6.550172 2.110820
-2.197642 6.550172 2.152479
-2.088600 6.550172 2.218760
-2.008719 6.550172 2.303174
-1.965820 6.550172 2.397459
-1.964101 6.550172 2.492383
-2.003731 6.550172 2.578657
-2.080830 6.550172 2.647835
-2.187852 6.550172 2.693145
-2.314320 6.550172 2.710151
-2.447854 6.550172 2.697191
-2.575384 6.550172 2.655531
-2.684427 6.550172 2.589250
-2.764307 6.550172 2.504836
-2.807206 6.550172 2.410552
-2.808925 6.550172 2.315627
-2.704702 6.615252 2.258825
-2.640613 6.615252 2.201321
-2.551651 6.615252 2.163657
-2.446524 6.615252 2.149520
-2.335523 6.615252 2.160293
-2.229513 6.615252 2.194923
-2.138871 6.615252 2.250020
-2.072471 6.615252 2.320189
-2.036810 6.615252 2.398563
-2.035382 6.615252 2.477470
-2.068324 6.615252 2.549185
-2.132413 6.615252 2.606689
-2.221375 6.615252 2.644353
-2.326502 6.615252 2.658490
-2.437503 6.615252 2.647717
-2.543513 6.615252 2.613087
-2.634155 6.615252 2.557990
-2.700556 6.615252 2.487821
-2.736216 6.615252 2.409447
-2.737644 6.615252 2.330540
-2.632274 6.667610 2.291872
-2.582774 6.667610 2.247457
-2.514062 6.667610 2.218366
-2.432864 6.667610 2.207447
-2.347130 6.667610 2.215768
-2.265250 6.667610 2.242516
-2.195241 6.667610 2.285071
-2.143954 6.667610 2.339268
-2.116412 6.667610 2.399802
-2.115308 6.667610 2.460747
-2.140752 6.667610 2.516139
-2.190253 6.667610 2.560553
-2.258965 6.667610 2.589644
-2.340162 6.667610 2.600563
-2.425897 6.667610 2.592242
-2.507776 6.667610 2.565495
-2.577785 6.667610 2.522939
-2.629072 6.667610 2.468742
-2.656615 6.667610 2.408208
-2.657718 6.667610 2.347263
-2.553795 6.705958 2.327679
-2.520102 6.705958 2.297448
-2.473331 6.705958 2.277647
-2.418063 6.705958 2.270214
-2.359706 6.705958 2.275878
-2.303973 6.705958 2.294084
-2.256320 6.705958 2.323050
-2.221411 6.705958 2.359941
-2.202663 6.705958 2.401144
-2.201912 6.705958 2.442628
-2.219231 6.705958 2.480331
-2.252925 6.705958 2.510562
-2.299695 6.705958 2.530364
-2.354963 6.705958 2.537796
-2.413320 6.705958 2.532132
-2.469053 6.705958 2.513926
-2.516706 6.705958 2.484960
-2.551615 6.705958 2.448070
-2.570363 6.705958 2.406866
-2.571114 6.705958 2.365382
-2.471197 6.729351 2.365366
-2.454140 6.729351 2.350062
-2.430463 6.729351 2.340038
-2.402485 6.729351 2.336276
-2.372942 6.729351 2.339143
-2.344729 6.729351 2.348360
-2.320605 6.729351 2.363023
-2.302933 6.729351 2.381698
-2.293442 6.729351 2.402557
-2.293062 6.729351 2.423557
-2.301830 6.729351 2.442644
-2.318886 6.729351 2.457948
-2.342563 6.729351 2.467972
-2.370542 6.729351 2.471734
-2.400084 6.729351 2.468867
-2.428297 6.729351 2.459651
-2.452421 6.729351 2.444987
-2.470093 6.729351 2.426312
-2.479584 6.729351 2.405453
-2.479964 6.729351 2.384453
-2.386513 5.460019 2.404005
-2.386513 6.737213 2.404005
0.057670 5.087197 1.533989
-0.102047 4.365159 1.382592
-0.881261 7.298335 1.415414
-0.987978 4.917868 -0.246023
-0.974552 4.409359 -0.036269
-0.903951 0.749098 1.391734
-0.974303 4.409359 2.816492
-0.968446 5.044930 3.219364
-0.947550 6.093818 -0.294746
-0.056276 6.063547 1.382712
-0.919355 3.770889 -0.220217
-0.919355 3.770482 2.881249
-0.914841 2.787169 -0.400768
0.049385 2.754805 1.383785
-0.914841 2.784340 3.124811
-0.769807 0.936079 0.519125
-0.243203 0.949899 1.280022
-0.769807 0.913853 2.045039
-0.970041 4.116695 -0.085176
-0.339285 4.204705 1.382317
-0.965795 4.116695 2.820796
-0.903951 0.747350 1.129156
-0.263255 0.958107 1.164677
0.006338 2.771655 1.108842
-0.382242 4.198182 1.162986
-0.112810 4.380757 1.172501
0.042487 5.078936 1.289916
-0.069142 6.062789 1.117887
-0.876611 7.259965 1.129791
-0.427216 5.047376 2.923791
-0.593694 4.387524 2.589641
-0.675777 4.110213 2.483343
-0.614823 3.773632 2.538345
-0.458546 2.814924 2.765382
-0.517748 0.984320 1.847788
-0.369035 0.828165 1.387861
-0.386876 0.843451 1.174411
-0.547582 0.984320 0.640333
-0.522590 2.814980 -0.126730
-0.678866 3.773632 0.037297
-0.705639 4.110213 0.155798
-0.669705 4.387524 0.201283
-0.574621 4.920313 0.013852
-0.597288 6.076719 -0.077097
-0.645874 7.141519 1.124683
-0.623528 7.182167 1.578647
-0.963127 5.571717 -0.307560
-0.588554 5.562149 -0.042053
-0.085435 5.614791 1.197907
-0.073208 5.618431 1.456039
-0.498653 5.621378 2.847872
-0.961774 5.761299 3.166481
-1.698244 5.864260 3.331484
-0.943858 7.043404 0.282648
-0.675851 6.960458 0.462048
-0.323897 6.862718 1.120785
-0.322395 6.862293 1.373783
-0.607414 6.954706 2.223694
-0.946132 6.974571 2.437299
-0.261999 0.971441 1.519049
0.009034 2.825547 1.771860
-0.292981 3.774096 1.949335
-0.377977 4.087495 1.774561
-0.118180 4.354620 1.920697
0.055295 5.065518 2.118013
-0.079791 5.608879 1.960065
-0.105532 6.061719 1.832686
-0.380312 6.843057 1.827643
-0.623827 7.049770 1.945767
-0.952122 7.181439 2.146182
-0.903951 0.788215 0.723091
-0.404107 0.848597 0.844320
-0.294266 0.970800 0.986304
-0.060231 2.824781 0.700535
-0.362245 3.773992 0.702399
-0.448811 4.107238 0.872799
-0.211467 4.374547 0.847586
-0.055978 5.010606 0.861139
-0.186021 5.587756 0.767223
-0.171065 6.061682 0.708352
-0.413410 6.860390 0.836084
-0.664414 7.079231 0.818597
-0.942487 7.195107 0.738507
-0.976257 5.189802 -0.275046
-0.581193 5.186581 -0.012515
-0.105804 5.246365 0.816844
-0.006375 5.295219 1.265352
0.009324 5.301299 1.527132
0.007765 5.285341 2.100242
-0.446424 5.276807 2.943500
-0.963800 5.324973 3.252408
-0.954779 5.814537 -0.300693
-0.593235 5.800931 -0.060833
-0.169143 5.804809 0.735675
-0.067859 5.817973 1.155025
-0.055326 5.820059 1.416559
-0.106800 5.814581 1.878414
-0.529191 5.823655 2.659953
-0.954779 5.881487 2.944999
-1.698244 4.703660 3.262273
-0.948543 4.711505 3.095775
-0.452096 4.701213 2.824726
0.053545 4.702866 2.058227
0.057109 4.718699 1.476428
0.044943 4.712667 1.245263
-0.053540 4.676924 0.854029
-0.613702 4.640808 0.112180
-0.980934 4.651100 -0.135984
-0.913139 2.213289 -0.454368
-0.486260 2.257506 -0.105870
0.082235 2.270942 0.685180
0.148804 2.250844 1.109722
0.191851 2.237848 1.384249
0.151500 2.271958 1.881583
-0.349334 2.257506 2.737437
-0.913139 2.197093 3.199742
-0.911879 1.645413 -0.336864
-0.459366 1.697518 -0.043052
0.096500 1.713605 0.742826
0.163068 1.689854 1.132649
0.206115 1.674495 1.384724
0.165765 1.714806 1.911453
-0.359686 1.697518 2.626396
-0.911879 1.615023 3.126537
-0.947004 6.581815 2.762738
-0.142735 6.411491 1.775650
-0.094933 6.415290 1.380401
-0.108600 6.415017 1.156040
-0.211985 6.414767 0.752173
-0.600062 6.542871 0.136945
-0.946958 6.638655 -0.069632
0.958574 9.131655 0.804982
0.958627 9.131409 0.943057
0.990627 9.088882 0.934102
0.991134 9.088237 0.812212
0.897699 9.131989 0.954000
0.897500 9.132488 0.813334
0.994048 8.911921 0.950501
0.874186 9.022608 0.993856
0.743127 9.075932 0.974741
0.743157 9.074427 0.831805
0.873017 9.020750 0.778398
0.992796 8.911350 0.817274
0.905173 8.568007 0.994870
0.690931 8.789373 1.058586
0.454229 8.913900 1.031349
0.455247 8.908087 0.865289
0.681977 8.739902 0.807096
0.899821 8.567520 0.850462
0.701104 7.993618 1.114974
0.368849 8.372566 1.228599
0.097470 8.652485 1.166076
0.100131 8.636230 0.944242
0.358962 8.354746 0.873649
0.687003 7.994727 0.921542
0.181380 7.298546 1.263226
-0.185262 7.707785 1.427603
-0.536543 7.892033 1.310704
-0.532004 7.863885 1.044464
-0.201208 7.678016 1.005114
0.156708 7.299812 1.028695
-0.903951 0.748172 1.252597
-0.378489 0.829974 1.274758
-0.253828 0.954248 1.218903
0.183305 1.682633 1.251153
0.169041 2.244735 1.238782
0.026575 2.767045 1.238098
0.220396 7.322308 1.143040
0.776364 8.058407 1.009148
1.003778 8.671892 0.909786
1.100010 9.035316 0.862095
1.097401 9.222527 0.854986
1.063186 9.268047 0.863212
0.998660 9.268785 0.868669
0.835194 9.208342 0.889353
0.530257 9.034527 0.936226
0.142826 8.741142 1.047150
-0.526005 7.934400 1.175402
0.098432 8.048140 1.325717
-0.232167 8.276009 1.236659
-0.205104 8.342941 1.109739
-0.228591 8.253950 0.993152
0.085588 8.024487 0.937806
0.435652 7.648150 0.973835
0.512916 7.691302 1.074490
0.454911 7.646967 1.187324
-0.037793 7.095860 1.187992
-0.060302 7.085267 1.309731
-0.369617 7.486686 1.491139
-0.722361 7.597817 1.354750
-0.722213 7.622202 1.217490
-0.717775 7.565369 1.080356
-0.388255 7.452339 1.055410
-0.088758 7.086179 1.067431
1.327202 4.183860 1.238666
1.225364 4.322377 1.241945
1.300674 4.186663 1.155817
1.206437 4.322325 1.164943
1.394849 3.822612 1.243497
1.377561 3.830822 1.182107
1.280543 3.881208 1.161924
1.287245 4.193879 1.129957
1.248257 3.913034 1.112946
1.144749 4.173510 1.068935
1.168384 4.277771 1.141677
1.120334 4.253908 1.113299
1.197337 4.159590 1.343356
1.299905 3.897092 1.294805
1.172575 4.237403 1.309767
-0.142786 4.086818 1.720610
-0.106437 4.201802 1.365566
-0.144527 4.192169 1.151698
-0.201697 4.102872 0.907065
-0.128483 3.790758 0.757271
0.128762 2.983847 0.839578
0.185833 2.932255 1.110601
0.203430 2.927307 1.220935
0.223757 2.916123 1.365615
0.190032 2.983745 1.708340
-0.067156 3.790874 1.872433
-0.000785 4.108957 1.708089
0.035856 4.222895 1.354978
-0.001313 4.212289 1.135149
-0.056035 4.123796 0.904168
0.013400 3.826861 0.757729
0.258416 3.059251 0.843451
0.312997 3.007881 1.135627
0.329971 3.002559 1.224745
0.349867 2.991742 1.351844
0.318130 3.058703 1.690706
0.073200 3.826988 1.851524
-0.245851 3.771950 1.923091
-0.328297 4.070077 1.753743
-0.289927 4.186761 1.377970
-0.331164 4.179299 1.163504
-0.394691 4.088732 0.887477
-0.312319 3.771844 0.724254
-0.024563 2.867772 0.809167
0.038938 2.815217 1.112937
0.058292 2.810618 1.236136
0.080208 2.798682 1.379125
0.041893 2.868349 1.750579
-0.917236 3.310895 -0.304968
-0.605509 3.323608 -0.039698
-0.220478 3.328424 0.694770
-0.177245 3.347466 0.717575
-0.007731 3.411988 0.753728
0.128412 3.466539 0.756348
1.193336 4.051241 1.074913
1.335144 4.070605 1.136400
1.347968 4.063218 1.161263
1.370530 4.059274 1.239104
1.245483 4.036371 1.341840
0.188172 3.466349 1.855691
0.053570 3.412002 1.877588
-0.110782 3.347793 1.930344
-0.151213 3.328840 1.957306
-0.541466 3.323608 2.653147
-0.917236 3.307580 3.003808
0.578632 4.185386 1.569926
0.605104 4.276092 1.300686
0.569244 4.264621 1.105660
0.521167 4.194170 0.964978
0.578987 3.999374 0.858887
0.677112 3.746380 0.864680
0.788025 3.460409 0.940155
0.835590 3.417889 1.127361
0.851042 3.411844 1.184683
0.870441 3.403982 1.301072
0.845103 3.458336 1.548285
0.734309 3.745486 1.664682
0.636292 3.999523 1.664615
-0.329724 0.632038 1.393826
-0.336746 0.637758 1.258982
-0.864640 0.636274 1.397699
-0.862208 0.643725 1.236822
-0.337607 0.644317 1.150743
-0.439458 0.653863 0.882592
-0.854681 0.646182 1.105488
-0.820308 0.662357 0.774735
-0.863115 0.641414 2.059591
-0.324554 0.642680 1.881856
-0.665903 0.752117 2.752851
-0.501522 0.776396 2.730588
-0.660956 0.637800 2.753470
-0.479954 0.661780 2.740634
-0.349413 0.870273 2.332838
-0.299186 0.655284 2.356786
-0.863641 0.632687 2.360420
-0.890676 0.829417 2.345926
-0.354473 0.861853 1.860197
-0.893424 0.839568 2.032612
-0.929711 1.284713 2.916079
-0.468907 1.362125 2.485898
-0.017587 1.377703 1.848973
0.016391 1.341527 1.382425
-0.002816 1.348830 1.263685
-0.019857 1.355310 1.158337
-0.075912 1.376625 0.811797
-0.539441 1.362125 0.141687
-0.929711 1.318459 -0.091674
-0.361843 0.842228 1.621137
-0.327170 0.635448 1.634853
-0.863887 0.636966 1.724592
-0.898752 0.807160 1.708249
-0.392515 0.737309 0.839928
-0.899061 0.718481 0.718699
-0.936522 0.691296 1.116041
-0.941601 0.690301 1.243858
-0.943242 0.686586 1.395039
-0.939910 0.709960 1.717304
-0.936495 0.729778 2.047560
-0.906967 0.720416 2.353957
-0.659826 0.700469 2.753194
-0.489648 0.724583 2.736154
-0.276446 0.751155 2.346106
-0.280378 0.744378 1.872197
-0.286147 0.724758 1.628737
-0.291775 0.719498 1.391167
-0.301648 0.723474 1.266017
-0.306784 0.733117 1.161298
-1.580214 2.375488 -0.587190
-1.579997 1.637858 -0.435824
-1.582775 1.316912 -0.211739
-1.558411 0.936079 0.457171
-1.578628 0.932213 0.670993
-1.578628 0.866328 1.110834
-1.578628 0.859135 1.244544
-1.578628 0.851028 1.395254
-1.558265 0.921551 2.263827
-1.582647 1.290928 3.047654
-1.579997 1.615023 3.261336
-1.580214 2.197093 3.345907
-1.580508 2.784340 3.270392
-1.580922 3.307580 3.141421
-1.581288 3.770482 3.011813
-1.588441 4.116695 2.965993
-1.590674 4.396653 2.934396
-1.588183 4.704839 3.234818
-1.588843 5.848781 3.306518
-1.587402 5.901728 3.087314
-1.586154 6.118466 2.996354
-1.585878 6.620039 2.914546
-1.585452 7.033372 2.549348
-1.585870 7.271367 2.204748
-1.575217 7.382180 1.421581
-1.574518 7.345311 1.112024
-1.584422 7.229289 0.572227
-1.585110 7.103171 0.193342
-1.585871 6.676898 -0.190094
-1.586154 6.118466 -0.435783
-1.587402 5.834776 -0.440241
-1.588843 5.586868 -0.445388
-1.591109 5.196948 -0.410170
-1.593132 4.918644 -0.378732
-1.591305 4.644433 -0.259541
-1.589649 4.396653 -0.151531
-1.588943 4.117214 -0.204506
-1.581287 3.775185 -0.350780
-1.580922 3.319687 -0.442581
-1.580508 2.791816 -0.546349
-1.580508 9.573938 -6.455655
-1.580214 8.661811 -8.041217
-0.664639 0.772027 2.634483
-0.635681 0.706173 2.740634
-0.650345 0.642808 2.636551
-0.710971 0.638799 2.359437
-0.710971 0.638798 2.359437
-0.513965 0.774991 2.623301
-0.536713 0.719618 2.753720
-0.507004 0.720555 2.736133
-0.536541 0.652509 2.756616
-0.501881 0.659630 2.633209
-0.441105 0.649602 2.357700
-0.536831 0.778177 2.742141
-0.429862 0.780086 2.725852
-0.414167 0.725978 2.732626
-0.404806 0.661335 2.731349
-0.736167 0.756910 2.749205
-0.733125 0.702190 2.753275
-0.728515 0.637340 2.752712
-0.863114 0.641414 2.059591
-0.710965 0.638799 2.359437
-1.580508 2.971131 -1.334923
-1.580214 2.517949 -1.772559
-1.580508 3.868606 -1.338238
-1.580214 3.370322 -1.813240
-1.580508 3.986215 -2.351965
-1.580214 3.410797 -2.891809
-1.580508 5.144774 -2.594779
-1.580214 4.471087 -3.217767
-1.580508 5.432286 -3.787165
-1.580214 4.669659 -4.484341
-1.580508 6.836013 -4.332883
-1.580214 6.002525 -5.086825
-1.580508 7.494373 -5.868810
-1.580214 6.709111 -6.891956
-0.618090 0.828845 0.727195
-0.629921 0.729280 0.720370
-0.634952 0.650851 0.765782
-0.609618 0.639503 1.126935
-0.602569 0.634583 1.247771
-0.593404 0.627345 1.395736
-0.583009 0.629571 1.677630
-0.574285 0.636016 1.964272
-0.563257 0.638866 2.358486
-0.602857 0.876577 1.939657
-0.635980 0.835111 1.659906
-0.666453 0.792727 1.434825
1.421183 4.243867 1.197475
1.337923 4.415346 1.211464
1.394656 4.246670 1.114626
1.318996 4.415294 1.134463
1.489383 3.872406 1.187091
1.463739 4.054178 1.184952
1.472094 3.880615 1.125701
1.441176 4.058121 1.107110
1.437226 4.321624 1.200138
1.414759 4.321478 1.118050
1.495777 4.213895 1.112908
1.522828 4.206408 1.194373
1.523913 4.110361 1.186941
1.503446 4.106149 1.108043
1.493877 3.986062 1.109743
1.516551 3.985150 1.185224
1.385108 3.827238 1.208905
1.501789 3.862202 1.152498
1.525923 4.003533 1.142692
1.451025 4.056400 1.141090
1.534529 4.104760 1.142483
1.520489 4.228389 1.148470
1.406235 4.245447 1.150793
1.454881 4.327962 1.153883
1.331588 4.439969 1.168076
1.214699 4.322348 1.198557
-0.047618 7.091235 1.241135
0.203365 7.311935 1.195505
0.487594 7.671948 1.123744
0.743510 8.030125 1.055343
0.960735 8.626543 0.946927
1.053754 8.981451 0.900687
1.050791 9.164186 0.889522
1.017542 9.208401 0.898067
0.954589 9.209070 0.905918
0.795004 9.150541 0.926628
0.497069 8.981871 0.977750
0.123027 8.702441 1.099065
-0.216918 8.313724 1.165143
-0.530605 7.915905 1.234465
-0.722278 7.611556 1.277408
1.086644 4.229877 1.392710
1.116923 4.276338 1.250444
1.106249 4.276047 1.202302
1.097978 4.275821 1.165004
1.081700 4.275868 1.136466
1.033645 4.245264 1.077724
1.062894 4.148316 1.024431
1.118649 4.007133 1.030381
1.181670 3.847549 1.073832
1.216166 3.814175 1.156924
1.228786 3.806815 1.182480
1.236465 3.803253 1.212752
1.246379 3.798656 1.251827
1.234104 3.833613 1.376781
1.171526 3.994286 1.433852
1.116164 4.136432 1.435139
1.110877 4.372215 1.249998
1.086045 4.382377 1.201900
1.192063 4.408942 1.241500
1.192316 4.419441 1.198155
1.091554 4.371696 1.164647
1.172758 4.408889 1.164586
1.333285 3.698454 1.182228
1.415715 3.793313 1.178382
1.311368 3.716410 1.160465
1.393929 3.811291 1.160092
1.327572 3.706759 1.229994
1.409829 3.801590 1.221664
1.386384 3.904989 1.241969
1.538447 3.917676 1.186263
1.551179 3.927525 1.147819
1.519276 3.924606 1.118452
1.368752 3.900003 1.175901
1.163262 4.296011 1.246813
1.144036 4.410665 1.244089
1.131544 4.422323 1.198572
1.121841 4.409384 1.163220
1.165358 4.304712 1.164967
1.339771 3.813725 1.246588
1.388151 3.722811 1.214615
1.401069 3.716182 1.177351
1.376596 3.737669 1.148661
1.309108 3.819776 1.182279
1.273363 4.257090 1.240400
1.381760 4.373972 1.206465
1.440773 4.418344 1.161319
1.414175 4.403211 1.126802
1.248684 4.261507 1.160851
1.223967 4.238540 1.136197
1.314006 4.125005 1.133558
1.325311 4.122357 1.158654
1.543030 4.165524 1.110462
1.571085 4.170799 1.145400
1.543522 4.161433 1.190893
1.362282 4.082989 1.239021
-0.614409 0.767085 2.745790
-0.607033 0.711338 2.748685
-0.601310 0.647606 2.750835
-0.813811 0.840561 2.344068
-0.784507 0.635855 2.359911
-0.402718 0.870151 2.334127
-0.359016 0.652889 2.357172
-1.698244 5.791654 3.336877
-1.610155 5.845484 3.325988
-1.698244 5.855844 3.349727
-1.698244 5.799290 3.349555
-1.661435 5.848361 3.344789
-1.698244 5.828704 3.354529
-1.589470 5.698263 3.359675
-1.589820 5.563888 3.357332
-0.962747 5.437913 3.230454
-1.208515 5.491799 3.279040
-1.224732 5.327922 3.313256
-1.326378 5.044930 3.304751
-1.588640 4.744855 3.251590
-1.406615 4.896911 3.266648
-0.961991 5.567183 3.205083
-1.698244 5.621775 3.374165
-1.407115 5.501751 3.323772
-1.589820 5.563888 3.357332
-1.407115 5.501751 3.323773
-1.589602 5.563888 3.320037
-1.207239 5.491799 3.242457
-1.222854 5.327922 3.276789
-1.406379 5.501751 3.286695
-1.324595 5.044930 3.267469
-1.405225 4.896911 3.228594
-1.588120 4.744855 3.212049
-1.638752 5.263128 3.270032
-1.639657 5.092899 3.247207
-1.638379 5.400507 3.242821
-1.409176 5.357777 3.195753
-1.418671 5.260640 3.217078
-1.528485 5.363675 3.222360
-1.480389 5.092899 3.208196
-1.528993 5.005163 3.184189
-1.638104 4.915033 3.173187
-0.985790 6.312657 2.831864
-0.771753 6.561685 2.677636
-0.533609 6.527696 2.451436
-0.457330 6.431335 2.335210
-0.388024 6.052183 2.309137
-0.534362 5.845429 2.635531
-0.949258 5.998186 2.871266
-0.984830 6.096311 2.866145
-0.750270 5.852077 2.792109
-0.396441 6.305063 2.315657
-0.440919 5.927769 2.469016
-0.745022 5.852983 2.805657
-1.585989 6.348099 2.989172
-0.902739 6.489412 2.774276
-0.561777 6.521027 2.428095
-0.794369 6.556392 2.648263
-0.488863 6.424162 2.316060
-0.428366 6.300253 2.296690
-0.473512 5.920745 2.452239
-0.420579 6.047197 2.291606
-0.552645 5.854095 2.624991
-0.769599 5.843473 2.761565
-0.967985 5.990165 2.840247
-1.003414 6.090391 2.834562
-1.004036 6.309879 2.799362
-0.921979 6.486332 2.742249
-0.718097 6.344914 2.424743
-0.719135 6.227723 2.460972
-0.824699 6.357667 2.524581
-0.815134 6.238385 2.537379
-0.687120 6.304993 2.376165
-0.657812 6.231863 2.367441
-0.715203 6.118613 2.483947
-0.681200 6.041281 2.448604
-0.654912 6.106788 2.390732
-0.710565 6.006950 2.523134
-0.807485 6.000689 2.580007
-0.812911 6.118616 2.550638
-0.904713 6.074048 2.618325
-0.921988 6.126617 2.614732
-0.921769 6.239607 2.596076
-0.882718 6.326315 2.567729
-1.208762 5.475520 3.245857
-1.209987 5.476682 3.282183
-0.454092 0.872504 2.334875
-0.779400 0.845707 2.343236
-0.607048 0.873761 2.339615
-0.576261 0.877223 2.337900
-3.454159 5.087197 1.533989
-3.294441 4.365159 1.382592
-2.515228 7.298335 1.415414
-2.408511 4.917868 -0.246023
-2.421936 4.409359 -0.036269
-2.492537 0.749098 1.391734
-2.422185 4.409359 2.816492
-2.428042 5.044930 3.219364
-2.448938 6.093818 -0.294746
-3.340212 6.063547 1.382712
-2.477133 3.770889 -0.220217
-2.477133 3.770482 2.881249
-2.481647 2.787169 -0.400768
-3.445873 2.754805 1.383785
-2.481647 2.784340 3.124811
-2.626682 0.936079 0.519125
-3.153286 0.949899 1.280022
-2.626682 0.913853 2.045039
-2.426448 4.116695 -0.085176
-3.057204 4.204705 1.382317
-2.430693 4.116695 2.820796
-2.492537 0.747350 1.129156
-3.133233 0.958107 1.164677
-3.402827 2.771655 1.108842
-3.014247 4.198182 1.162986
-3.251532 4.380757 1.172501
-3.406849 5.078936 1.289916
-3.295183 6.062789 1.117887
-2.519877 7.259965 1.129791
-2.969273 5.047376 2.923791
-2.802795 4.387524 2.589641
-2.720712 4.110213 2.483343
-2.781666 3.773632 2.538345
-2.937942 2.814924 2.765382
-2.878740 0.984320 1.847788
-3.027453 0.828165 1.387861
-3.009612 0.843451 1.174411
-2.848907 0.984320 0.640333
-2.873899 2.814980 -0.126730
-2.717622 3.773632 0.037297
-2.690849 4.110213 0.155798
-2.726783 4.387524 0.201283
-2.821867 4.920313 0.013852
-2.799201 6.076719 -0.077097
-2.750615 7.141519 1.124683
-2.772961 7.182167 1.578647
-2.433361 5.571717 -0.307560
-2.807934 5.562149 -0.042053
-3.278902 5.614791 1.197907
-3.323281 5.618431 1.456039
-2.897836 5.621378 2.847872
-2.434714 5.761299 3.166481
-2.452630 7.043404 0.282648
-2.720638 6.960458 0.462048
-3.040428 6.862718 1.120785
-3.074094 6.862293 1.373783
-2.789074 6.954706 2.223694
-2.450356 6.974571 2.437299
-3.134489 0.971441 1.519049
-3.405523 2.825547 1.771860
-3.103508 3.774096 1.949335
-3.018511 4.087495 1.774561
-3.278309 4.354620 1.920697
-3.451784 5.065518 2.118013
-3.316697 5.608879 1.960065
-3.290957 6.061719 1.832686
-3.016177 6.843057 1.827643
-2.772662 7.049770 1.945767
-2.444366 7.181439 2.146182
-2.492537 0.788215 0.723091
-2.992382 0.848597 0.844320
-3.102222 0.970800 0.986304
-3.336257 2.824781 0.700535
-3.034243 3.773992 0.702399
-2.947678 4.107238 0.872799
-3.185022 4.374547 0.847586
-3.340511 5.010606 0.861139
-3.210467 5.587756 0.767223
-3.225423 6.061682 0.708352
-2.983078 6.860390 0.836084
-2.732075 7.079231 0.818597
-2.454002 7.195107 0.738507
-2.420231 5.189802 -0.275046
-2.815296 5.186581 -0.012515
-3.290684 5.246365 0.816844
-3.357982 5.295219 1.265352
-3.405812 5.301299 1.527132
-3.404253 5.285341 2.100242
-2.950065 5.276807 2.943500
-2.432688 5.324973 3.252408
-2.441709 5.814537 -0.300693
-2.803254 5.800931 -0.060833
-3.227345 5.804809 0.735675
-3.296466 5.817973 1.155025
-3.341163 5.820059 1.416559
-3.289688 5.814581 1.878414
-2.867297 5.823655 2.659953
-2.441709 5.881487 2.944999
-2.447946 4.711505 3.095775
-2.944393 4.701213 2.824726
-3.450033 4.702866 2.058227
-3.453597 4.718699 1.476428
-3.409303 4.712667 1.245263
-3.342948 4.676924 0.854029
-2.782786 4.640808 0.112180
-2.415554 4.651100 -0.135984
-2.483349 2.213289 -0.454368
-2.910228 2.257506 -0.105870
-3.478724 2.270942 0.685180
-3.545292 2.250844 1.109722
-3.588339 2.237848 1.384249
-3.547989 2.271958 1.881583
-3.047154 2.257506 2.737437
-2.483349 2.197093 3.199742
-2.484609 1.645413 -0.336864
-2.937123 1.697518 -0.043052
-3.492988 1.713605 0.742826
-3.559556 1.689854 1.132649
-3.602603 1.674495 1.384724
-3.562253 1.714806 1.911453
-3.036803 1.697518 2.626396
-2.484609 1.615023 3.126537
-2.449484 6.581815 2.762738
-3.253753 6.411491 1.775650
-3.301555 6.415290 1.380401
-3.255725 6.415017 1.156040
-3.184504 6.414767 0.752173
-2.796426 6.542871 0.136945
-2.449530 6.638655 -0.069632
-4.355062 9.131655 0.804982
-4.355115 9.131409 0.943057
-4.387115 9.088882 0.934102
-4.387622 9.088237 0.812212
-4.294188 9.131989 0.954000
-4.293989 9.132488 0.813334
-4.390536 8.911921 0.950501
-4.270675 9.022608 0.993856
-4.139616 9.075932 0.974741
-4.139646 9.074427 0.831805
-4.269506 9.020750 0.778398
-4.389284 8.911350 0.817274
-4.301661 8.568007 0.994870
-4.087420 8.789373 1.058586
-3.850718 8.913900 1.031349
-3.851735 8.908087 0.865289
-4.078466 8.739902 0.807096
-4.296309 8.567520 0.850462
-4.097592 7.993618 1.114974
-3.765338 8.372566 1.228599
-3.493958 8.652485 1.166076
-3.496620 8.636230 0.944242
-3.755450 8.354746 0.873649
-4.083491 7.994727 0.921542
-3.577868 7.298546 1.263226
-3.211226 7.707785 1.427603
-2.859945 7.892033 1.310704
-2.864484 7.863885 1.044464
-3.195281 7.678016 1.005114
-3.553196 7.299812 1.028695
-2.492537 0.748172 1.252597
-3.018000 0.829974 1.274758
-3.142660 0.954248 1.218903
-3.579793 1.682633 1.251153
-3.565529 2.244735 1.238782
-3.423063 2.767045 1.238098
-3.616885 7.322308 1.143040
-4.172853 8.058407 1.009148
-4.400266 8.671892 0.909786
-4.496499 9.035316 0.862095
-4.493889 9.222527 0.854986
-4.459674 9.268047 0.863212
-4.395149 9.268785 0.868669
-4.231682 9.208342 0.889353
-3.926745 9.034527 0.936226
-3.539314 8.741142 1.047150
-2.870483 7.934400 1.175402
-3.494920 8.048140 1.325717
-3.164321 8.276009 1.236659
-3.191385 8.342941 1.109739
-3.167898 8.253950 0.993152
-3.482076 8.024487 0.937806
-3.832140 7.648150 0.973835
-3.909404 7.691302 1.074490
-3.851400 7.646967 1.187324
-3.358696 7.095860 1.187992
-3.336187 7.085267 1.309731
-3.026872 7.486686 1.491139
-2.674128 7.597817 1.354750
-2.674275 7.622202 1.217490
-2.678713 7.565369 1.080356
-3.008234 7.452339 1.055410
-3.307731 7.086179 1.067431
-4.723691 4.183860 1.238666
-4.621852 4.322377 1.241945
-4.697162 4.186663 1.155817
-4.602925 4.322325 1.164943
-4.791337 3.822612 1.243497
-4.774049 3.830822 1.182107
-4.677032 3.881208 1.161924
-4.683733 4.193879 1.129957
-4.644745 3.913034 1.112946
-4.541237 4.173510 1.068935
-4.564873 4.277771 1.141677
-4.516822 4.253908 1.113299
-4.593825 4.159590 1.343356
-4.696393 3.897092 1.294805
-4.569064 4.237403 1.309767
-3.253703 4.086818 1.720610
-3.290051 4.201802 1.365566
-3.251962 4.192169 1.151698
-3.194791 4.102872 0.907065
-3.268005 3.790758 0.757271
-3.525250 2.983847 0.839578
-3.582321 2.932255 1.110601
-3.599918 2.927307 1.220935
-3.620245 2.916123 1.365615
-3.586521 2.983745 1.708340
-3.329332 3.790874 1.872433
-3.395704 4.108957 1.708089
-3.432344 4.222895 1.354978
-3.395176 4.212289 1.135149
-3.340454 4.123796 0.904168
-3.409888 3.826861 0.757729
-3.654904 3.059251 0.843451
-3.709486 3.007881 1.135627
-3.726460 3.002559 1.224745
-3.746355 2.991742 1.351844
-3.714619 3.058703 1.690706
-3.469688 3.826988 1.851524
-3.150637 3.771950 1.923091
-3.068192 4.070077 1.753743
-3.106561 4.186761 1.377970
-3.065324 4.179299 1.163504
-3.001798 4.088732 0.887477
-3.084169 3.771844 0.724254
-3.371925 2.867772 0.809167
-3.435427 2.815217 1.112937
-3.454781 2.810618 1.236136
-3.476696 2.798682 1.379125
-3.438381 2.868349 1.750579
-2.479252 3.310895 -0.304968
-2.790979 3.323608 -0.039698
-3.176011 3.328424 0.694770
-3.219244 3.347466 0.717575
-3.388758 3.411988 0.753728
-3.524901 3.466539 0.756348
-4.589825 4.051241 1.074913
-4.731633 4.070605 1.136400
-4.744456 4.063218 1.161263
-4.767018 4.059274 1.239104
-4.641971 4.036371 1.341840
-3.584661 3.466349 1.855691
-3.450058 3.412002 1.877588
-3.285707 3.347793 1.930344
-3.245276 3.328840 1.957306
-2.855023 3.323608 2.653147
-2.479252 3.307580 3.003808
-3.975121 4.185386 1.569926
-4.001593 4.276092 1.300686
-3.965733 4.264621 1.105660
-3.917655 4.194170 0.964978
-3.975475 3.999374 0.858887
-4.073600 3.746380 0.864680
-4.184514 3.460409 0.940155
-4.232079 3.417889 1.127361
-4.247530 3.411844 1.184683
-4.266930 3.403982 1.301072
-4.241592 3.458336 1.548285
-4.130797 3.745486 1.664682
-4.032781 3.999523 1.664615
-3.066764 0.632038 1.393826
-3.059742 0.637758 1.258982
-2.531849 0.636274 1.397699
-2.534280 0.643725 1.236822
-3.058882 0.644317 1.150743
-2.957030 0.653863 0.882592
-2.541807 0.646182 1.105488
-2.576181 0.662357 0.774735
-2.533374 0.641414 2.059591
-3.071934 0.642680 1.881856
-2.730586 0.752117 2.752851
-2.894966 0.776396 2.730588
-2.735533 0.637800 2.753470
-2.916534 0.661780 2.740634
-3.047076 0.870273 2.332838
-3.097302 0.655284 2.356786
-2.532847 0.632687 2.360420
-2.505813 0.829417 2.345926
-3.042016 0.861853 1.860197
-2.503064 0.839568 2.032612
-2.466778 1.284713 2.916079
-2.927581 1.362125 2.485898
-3.378902 1.377703 1.848973
-3.412879 1.341527 1.382425
-3.393672 1.348830 1.263685
-3.376632 1.355310 1.158337
-3.320576 1.376625 0.811797
-2.857048 1.362125 0.141687
-2.466778 1.318459 -0.091674
-3.034646 0.842228 1.621137
-3.069318 0.635448 1.634853
-2.532602 0.636966 1.724592
-2.497736 0.807160 1.708249
-3.003973 0.737309 0.839928
-2.497427 0.718481 0.718699
-2.459966 0.691296 1.116041
-2.454887 0.690301 1.243858
-2.453247 0.686586 1.395039
-2.456578 0.709960 1.717304
-2.459993 0.729778 2.047560
-2.489522 0.720416 2.353957
-2.736662 0.700469 2.753194
-2.906840 0.724583 2.736154
-3.120042 0.751155 2.346106
-3.116110 0.744378 1.872197
-3.110342 0.724758 1.628737
-3.104713 0.719498 1.391167
-3.094840 0.723474 1.266017
-3.089704 0.733117 1.161298
-1.816274 2.375488 -0.587190
-1.816491 1.637858 -0.435824
-1.813713 1.316912 -0.211739
-1.838078 0.936079 0.457171
-1.817860 0.932213 0.670993
-1.817860 0.866328 1.110834
-1.817860 0.859135 1.244544
-1.817860 0.851028 1.395254
-1.838223 0.921551 2.263827
-1.813841 1.290928 3.047654
-1.816491 1.615023 3.261336
-1.816274 2.197093 3.345907
-1.815980 2.784340 3.270392
-1.815567 3.307580 3.141421
-1.815201 3.770482 3.011813
-1.808047 4.116695 2.965993
-1.805814 4.396653 2.934396
-1.808306 4.704839 3.234818
-1.807646 5.848781 3.306518
-1.809087 5.901728 3.087314
-1.810334 6.118466 2.996354
-1.810611 6.620039 2.914546
-1.811036 7.033372 2.549348
-1.810618 7.271367 2.204748
-1.821271 7.382180 1.421581
-1.821970 7.345311 1.112024
-1.812067 7.229289 0.572227
-1.811378 7.103171 0.193342
-1.810618 6.676898 -0.190094
-1.810334 6.118466 -0.435783
-1.809087 5.834776 -0.440241
-1.807646 5.586868 -0.445388
-1.805379 5.196948 -0.410170
-1.803356 4.918644 -0.378732
-1.805184 4.644433 -0.259541
-1.806839 4.396653 -0.151531
-1.807546 4.117214 -0.204506
-1.815201 3.775185 -0.350780
-1.815567 3.319687 -0.442581
-1.815980 2.791816 -0.546349
-1.815980 9.573938 -6.455655
-1.816274 8.661811 -8.041217
-2.731849 0.772027 2.634483
-2.760807 0.706173 2.740634
-2.746143 0.642808 2.636551
-2.685517 0.638799 2.359437
-2.685518 0.638798 2.359437
-2.882524 0.774991 2.623301
-2.859775 0.719618 2.753720
-2.889485 0.720555 2.736133
-2.859948 0.652509 2.756616
-2.894608 0.659630 2.633209
-2.955384 0.649602 2.357700
-2.859658 0.778177 2.742141
-2.966626 0.780086 2.725852
-2.982322 0.725978 2.732626
-2.991682 0.661335 2.731349
-2.660321 0.756910 2.749205
-2.663363 0.702190 2.753275
-2.667973 0.637340 2.752712
-2.533374 0.641414 2.059591
-2.685524 0.638799 2.359437
-1.815980 2.971131 -1.334923
-1.816274 2.517949 -1.772559
-1.815980 3.868606 -1.338238
-1.816274 3.370322 -1.813240
-1.815980 3.986215 -2.351965
-1.816274 3.410797 -2.891809
-1.815980 5.144774 -2.594779
-1.816274 4.471087 -3.217767
-1.815980 5.432286 -3.787165
-1.816274 4.669659 -4.484341
-1.815980 6.836013 -4.332883
-1.816274 6.002525 -5.086825
-1.815980 7.494373 -5.868810
-1.816274 6.709111 -6.891956
-2.778398 0.828845 0.727195
-2.766567 0.729280 0.720370
-2.761537 0.650851 0.765782
-2.786870 0.639503 1.126935
-2.793919 0.634583 1.247771
-2.803084 0.627345 1.395736
-2.813479 0.629571 1.677630
-2.822204 0.636016 1.964272
-2.833231 0.638866 2.358486
-2.793632 0.876577 1.939657
-2.760508 0.835111 1.659906
-2.730036 0.792727 1.434825
-4.817671 4.243867 1.197475
-4.734412 4.415346 1.211464
-4.791144 4.246670 1.114626
-4.715484 4.415294 1.134463
-4.885871 3.872406 1.187091
-4.860228 4.054178 1.184952
-4.868583 3.880615 1.125701
-4.837664 4.058121 1.107110
-4.833714 4.321624 1.200138
-4.811247 4.321478 1.118050
-4.892265 4.213895 1.112908
-4.919316 4.206408 1.194373
-4.920402 4.110361 1.186941
-4.899935 4.106149 1.108043
-4.890365 3.986062 1.109743
-4.913040 3.985150 1.185224
-4.781596 3.827238 1.208905
-4.898278 3.862202 1.152498
-4.922411 4.003533 1.142692
-4.847514 4.056400 1.141090
-4.931017 4.104760 1.142483
-4.916977 4.228389 1.148470
-4.802724 4.245447 1.150793
-4.851370 4.327962 1.153883
-4.728076 4.439969 1.168076
-4.611187 4.322348 1.198557
-3.348870 7.091235 1.241135
-3.599853 7.311935 1.195505
-3.884083 7.671948 1.123744
-4.139999 8.030125 1.055343
-4.357224 8.626543 0.946927
-4.450243 8.981451 0.900687
-4.447279 9.164186 0.889522
-4.414031 9.208401 0.898067
-4.351078 9.209070 0.905918
-4.191493 9.150541 0.926628
-3.893557 8.981871 0.977750
-3.519515 8.702441 1.099065
-3.179571 8.313724 1.165143
-2.865883 7.915905 1.234465
-2.674211 7.611556 1.277408
-4.483132 4.229877 1.392710
-4.513412 4.276338 1.250444
-4.502737 4.276047 1.202302
-4.494466 4.275821 1.165004
-4.478189 4.275868 1.136466
-4.430134 4.245264 1.077724
-4.459383 4.148316 1.024431
-4.515137 4.007133 1.030381
-4.578158 3.847549 1.073832
-4.612655 3.814175 1.156924
-4.625274 3.806815 1.182480
-4.632954 3.803253 1.212752
-4.642867 3.798656 1.251827
-4.630592 3.833613 1.376781
-4.568014 3.994286 1.433852
-4.512652 4.136432 1.435139
-4.507366 4.372215 1.249998
-4.482533 4.382377 1.201900
-4.588552 4.408942 1.241500
-4.588805 4.419441 1.198155
-4.488043 4.371696 1.164647
-4.569246 4.408889 1.164586
-4.729774 3.698454 1.182228
-4.812203 3.793313 1.178382
-4.707856 3.716410 1.160465
-4.790418 3.811291 1.160092
-4.724060 3.706759 1.229994
-4.806317 3.801590 1.221664
-4.782873 3.904989 1.241969
-4.934935 3.917676 1.186263
-4.947668 3.927525 1.147819
-4.915764 3.924606 1.118452
-4.765240 3.900003 1.175901
-4.559751 4.296011 1.246813
-4.540524 4.410665 1.244089
-4.528033 4.422323 1.198572
-4.518330 4.409384 1.163220
-4.561847 4.304712 1.164967
-4.736259 3.813725 1.246588
-4.784639 3.722811 1.214615
-4.797557 3.716182 1.177351
-4.773084 3.737669 1.148661
-4.705597 3.819776 1.182279
-4.669852 4.257090 1.240400
-4.778249 4.373972 1.206465
-4.837262 4.418344 1.161319
-4.810664 4.403211 1.126802
-4.645172 4.261507 1.160851
-4.620456 4.238540 1.136197
-4.710495 4.125005 1.133558
-4.721799 4.122357 1.158654
-4.939518 4.165524 1.110462
-4.967574 4.170799 1.145400
-4.940010 4.161433 1.190893
-4.758770 4.082989 1.239021
-2.782079 0.767085 2.745790
-2.789455 0.711338 2.748685
-2.795178 0.647606 2.750835
-2.582677 0.840561 2.344068
-2.611981 0.635855 2.359911
-2.993771 0.870151 2.334127
-3.037473 0.652889 2.357172
-1.786334 5.845484 3.325988
-1.735053 5.848361 3.344789
-1.807018 5.698263 3.359675
-1.806668 5.563888 3.357332
-2.433742 5.437913 3.230454
-2.187973 5.491799 3.279040
-2.171756 5.327922 3.313257
-2.070111 5.044930 3.304751
-1.807848 4.744855 3.251590
-1.989874 4.896911 3.266648
-2.434497 5.567183 3.205083
-1.989373 5.501751 3.323772
-1.806668 5.563888 3.357332
-1.989373 5.501751 3.323773
-1.806887 5.563888 3.320037
-2.189250 5.491799 3.242457
-2.173635 5.327922 3.276789
-1.990110 5.501751 3.286695
-2.071893 5.044930 3.267469
-1.991263 4.896911 3.228594
-1.808369 4.744855 3.212049
-1.757737 5.263128 3.270032
-1.756831 5.092899 3.247207
-1.758109 5.400507 3.242821
-1.987313 5.357777 3.195753
-1.977817 5.260640 3.217078
-1.868003 5.363675 3.222360
-1.916099 5.092899 3.208196
-1.867495 5.005163 3.184189
-1.758384 4.915033 3.173187
-2.410699 6.312657 2.831864
-2.624735 6.561685 2.677636
-2.862879 6.527696 2.451436
-2.939159 6.431335 2.335210
-3.008465 6.052183 2.309137
-2.862126 5.845429 2.635531
-2.447231 5.998186 2.871266
-2.411658 6.096311 2.866145
-2.646218 5.852077 2.792109
-3.000047 6.305063 2.315657
-2.955569 5.927769 2.469016
-2.651466 5.852983 2.805657
-1.810499 6.348099 2.989172
-2.493750 6.489412 2.774276
-2.834711 6.521027 2.428095
-2.602119 6.556392 2.648263
-2.907626 6.424162 2.316060
-2.968122 6.300253 2.296690
-2.922976 5.920745 2.452239
-2.975910 6.047197 2.291606
-2.843843 5.854095 2.624991
-2.626890 5.843473 2.761565
-2.428504 5.990165 2.840247
-2.393074 6.090391 2.834562
-2.392453 6.309879 2.799362
-2.474510 6.486332 2.742250
-2.678391 6.344914 2.424743
-2.677353 6.227723 2.460972
-2.571789 6.357667 2.524581
-2.581355 6.238385 2.537379
-2.709368 6.304993 2.376165
-2.738676 6.231863 2.367441
-2.681286 6.118613 2.483947
-2.715289 6.041281 2.448604
-2.741577 6.106788 2.390732
-2.685923 6.006950 2.523134
-2.589004 6.000689 2.580007
-2.583577 6.118616 2.550638
-2.491776 6.074048 2.618325
-2.474501 6.126617 2.614732
-2.474719 6.239607 2.596076
-2.513770 6.326315 2.567729
-2.187726 5.475520 3.245857
-2.186501 5.476682 3.282183
-2.942396 0.872504 2.334875
-2.617088 0.845707 2.343236
-2.789440 0.873761 2.339615
-2.820227 0.877223 2.337900
-3.054643 5.819695 2.315773
-3.155654 5.614651 2.395473
-3.293834 5.281953 2.502879
-3.330316 5.058368 2.503896
-3.317967 4.702261 2.387961
-3.181071 4.362402 2.087501
-0.345693 5.819776 2.322833
-0.246511 5.614870 2.412127
-0.109019 5.281710 2.532455
-0.074560 5.057756 2.537837
-0.088819 4.702205 2.419147
-0.224516 4.363168 2.104115
-1.580508 5.123054 -2.590227
-1.815980 5.123054 -2.590227
-1.816274 4.451208 -3.211656
-1.580214 4.451208 -3.211656
-1.580508 5.431260 -3.782909
-1.815980 5.431260 -3.782909
-1.816274 4.668951 -4.479819
-1.580214 4.668951 -4.479819
-1.815980 6.820806 -4.326971
-1.816274 5.988086 -5.080298
-1.580214 5.988086 -5.080298
-1.580508 6.820806 -4.326971
-1.580508 7.491214 -5.861439
-1.815980 7.491214 -5.861439
-1.816274 6.705720 -6.883294
-1.580214 6.705720 -6.883294
-1.580508 2.798428 -0.575424
-1.815980 2.798428 -0.575424
-1.816274 2.380740 -0.630895
-1.580214 2.380740 -0.630895
-1.580508 2.965073 -1.308278
-1.815980 2.965073 -1.308278
-1.816274 2.513136 -1.732507
-1.580214 2.513136 -1.732507
-1.580508 3.848260 -1.338163
-1.815980 3.848260 -1.338163
-1.816274 3.350998 -1.812318
-1.580214 3.350998 -1.812318
-1.580508 3.983708 -2.330358
-1.815980 3.983708 -2.330358
-1.816274 3.409934 -2.868819
-1.580214 3.409934 -2.868819
-1.801704 2.517949 -1.772559
-1.801704 3.350998 -1.812318
-1.801704 3.370322 -1.813240
-1.801704 3.409934 -2.868819
-1.801704 3.410797 -2.891809
-1.801704 4.451208 -3.211656
-1.801704 4.471087 -3.217767
-1.801704 4.668951 -4.479819
-1.801704 4.669659 -4.484341
-1.801704 5.988086 -5.080298
-1.801704 6.002525 -5.086825
-1.801704 6.705720 -6.883294
-1.801704 6.709111 -6.891956
-1.801704 8.661811 -8.041217
-1.801447 9.573938 -6.455655
-1.801447 7.494373 -5.868810
-1.801447 7.491214 -5.861439
-1.801447 6.836013 -4.332883
-1.801447 6.820806 -4.326971
-1.801447 5.432286 -3.787165
-1.801447 5.431260 -3.782909
-1.801447 5.144774 -2.594779
-1.801447 5.123054 -2.590227
-1.801447 3.986216 -2.351965
-1.801447 3.983708 -2.330358
-1.801447 3.868606 -1.338238
-1.801447 3.848260 -1.338163
-1.801447 2.971131 -1.334923
-1.596075 2.517949 -1.772559
-1.596075 3.350998 -1.812318
-1.596075 3.370322 -1.813240
-1.596075 3.409935 -2.868819
-1.596075 3.410797 -2.891809
-1.596075 4.451208 -3.211656
-1.596075 4.471087 -3.217767
-1.596075 4.668951 -4.479819
-1.596075 4.669660 -4.484341
-1.596075 5.988086 -5.080298
-1.596075 6.002526 -5.086825
-1.596075 6.705720 -6.883294
-1.596075 6.709111 -6.891956
-1.596075 8.661812 -8.041217
-1.596329 9.573938 -6.455656
-1.596329 7.494373 -5.868810
-1.596329 7.491214 -5.861440
-1.596329 6.836013 -4.332883
-1.596329 6.820807 -4.326971
-1.596329 5.432286 -3.787165
-1.596329 5.431260 -3.782909
-1.596329 5.144774 -2.594779
-1.596329 5.123054 -2.590227
-1.596329 3.986215 -2.351965
-1.596329 3.983708 -2.330358
-1.596329 3.868606 -1.338238
-1.596329 3.848260 -1.338163
-1.596329 2.971131 -1.334923
-1.580508 9.553594 -6.449914
-1.596329 9.553594 -6.449914
-1.801447 9.553594 -6.449914
-1.815980 9.553594 -6.449914
-1.816274 8.642708 -8.029973
-1.801704 8.642708 -8.029973
-1.596075 8.642709 -8.029973
-1.580214 8.642708 -8.029973
-1.801957 2.965073 -1.308278
-1.595774 2.965073 -1.308278
-1.595518 2.513136 -1.732507
-1.802215 2.513136 -1.732507
-1.580214 2.543245 -1.773766
-1.580508 2.997765 -1.335021
-1.596329 2.997765 -1.335021
-1.801447 2.997765 -1.335021
-1.815980 2.997765 -1.335021
-1.816274 2.543245 -1.773766
-1.801704 2.543245 -1.773766
-1.596075 2.543245 -1.773766
-1.580508 3.872131 -1.368616
-1.596329 3.872131 -1.368616
-1.801447 3.872131 -1.368616
-1.815980 3.872131 -1.368616
-1.816274 3.371535 -1.845561
-1.801704 3.371535 -1.845561
-1.596075 3.371536 -1.845561
-1.580214 3.371535 -1.845561
-1.580214 3.456778 -2.905944
-1.580508 4.036458 -2.362495
-1.596329 4.036458 -2.362495
-1.801447 4.036458 -2.362495
-1.815980 4.036458 -2.362495
-1.816274 3.456778 -2.905944
-1.801704 3.456778 -2.905944
-1.596075 3.456778 -2.905944
-1.580508 5.155410 -2.638890
-1.596329 5.155410 -2.638890
-1.801447 5.155410 -2.638890
-1.815980 5.155410 -2.638890
-1.816274 4.478433 -3.264623
-1.801704 4.478433 -3.264623
-1.596075 4.478433 -3.264623
-1.580214 4.478433 -3.264623
-1.580214 4.703861 -4.499801
-1.580508 5.468307 -3.801169
-1.596329 5.468307 -3.801169
-1.801447 5.468307 -3.801169
-1.815980 5.468307 -3.801169
-1.816274 4.703861 -4.499801
-1.801704 4.703861 -4.499801
-1.596075 4.703862 -4.499801
-1.580508 6.845256 -4.354446
-1.596329 6.845256 -4.354446
-1.801447 6.845256 -4.354446
-1.815980 6.845256 -4.354446
-1.816274 6.012445 -5.112168
-1.801704 6.012445 -5.112168
-1.596075 6.012446 -5.112168
-1.580214 6.012445 -5.112168
-1.580214 6.741378 -6.910947
-1.580508 7.528737 -5.878507
-1.596329 7.528737 -5.878507
-1.801447 7.528736 -5.878507
-1.815980 7.528737 -5.878507
-1.816274 6.741378 -6.910947
-1.801704 6.741378 -6.910947
-1.596075 6.741378 -6.910947
-1.580508 9.546431 -6.447893
-1.596329 9.546431 -6.447893
-1.801447 9.546431 -6.447893
-1.815980 9.546431 -6.447893
-1.816274 8.635982 -8.026014
-1.801704 8.635982 -8.026014
-1.596075 8.635983 -8.026014
-1.580214 8.635982 -8.026014
