v -1.092515 5.491274 2.294084
v -1.140169 5.491274 2.323050
v -1.175078 5.491274 2.359941
v -1.193825 5.491274 2.401144
v -1.194576 5.491274 2.442628
v -1.177257 5.491274 2.480331
v -1.143564 5.491274 2.510562
v -1.096794 5.491274 2.530364
v -1.041525 5.491274 2.537796
v -0.983168 5.491274 2.532132
v -0.927436 5.491274 2.513926
v -0.879783 5.491274 2.484960
v -0.844874 5.491274 2.448070
v -0.826126 5.491274 2.406866
v -0.825375 5.491274 2.365382
v -0.764214 5.529622 2.291872
v -0.813715 5.529622 2.247457
v -0.882427 5.529622 2.218366
v -0.963624 5.529622 2.207447
v -1.049359 5.529622 2.215768
v -1.131238 5.529622 2.242516
v -1.201248 5.529622 2.285071
v -1.252534 5.529622 2.339268
v -1.280077 5.529622 2.399802
v -1.281181 5.529622 2.460747
v -1.255737 5.529622 2.516139
v -1.206236 5.529622 2.560553
v -1.137524 5.529622 2.589644
v -1.056327 5.529622 2.600563
v -0.970592 5.529622 2.592242